-1.000000000000000000e+00 -1.000000000000000000e+00 9.999999999999997780e-01
-9.797979797979797789e-01 -8.818281787366576419e-01 8.070189777282121835e-01
-9.595959595959595578e-01 -7.696545085587019885e-01 6.315479178390506210e-01
-9.393939393939394478e-01 -6.633553162478786902e-01 4.727473415176899341e-01
-9.191919191919192267e-01 -5.628069285859309545e-01 3.297952590912800463e-01
-8.989898989898990056e-01 -4.678856723546040985e-01 2.018871700289486260e-01
-8.787878787878787845e-01 -3.784678743356428843e-01 8.823606294179797693e-02
-8.585858585858585634e-01 -2.944298613107914075e-01 -1.192758441709562689e-02
-8.383838383838383423e-01 -2.156479600617952075e-01 -9.935580515267816715e-02
-8.181818181818181213e-01 -1.419984973703980469e-01 -1.747831432279218777e-01
-7.979797979797980112e-01 -7.335780001834502073e-02 -2.389266534638218586e-01
-7.777777777777777901e-01 -9.602194787380113894e-03 -2.924859015393993511e-01
-7.575757575757575690e-01 4.939199154075191167e-02 -3.361429639916992951e-01
-7.373737373737373479e-01 1.037484321843060719e-01 -3.705624282157906624e-01
-7.171717171717171269e-01 1.535908003615381601e-01 -3.963913924647677334e-01
-6.969696969696970168e-01 1.990427692907030255e-01 -4.142594658497488203e-01
-6.767676767676766847e-01 2.402280121900570165e-01 -4.247787683398769332e-01
-6.565656565656565746e-01 2.772702022778544828e-01 -4.285439307623191141e-01
-6.363636363636363535e-01 3.102930127723516618e-01 -4.261320948022675470e-01
-6.161616161616161325e-01 3.394201168918034028e-01 -4.181029130029386698e-01
-5.959595959595959114e-01 3.647751878544654991e-01 -4.049985487655731187e-01
-5.757575757575756903e-01 3.864818988785931886e-01 -3.873436763494363388e-01
-5.555555555555555802e-01 4.046639231824417093e-01 -3.656454808718183624e-01
-5.353535353535352481e-01 4.194449339842667990e-01 -3.403936583080329759e-01
-5.151515151515151381e-01 4.309486045023235290e-01 -3.120604154914197181e-01
-4.949494949494949170e-01 4.392986079548675260e-01 -2.811004701133413830e-01
-4.747474747474746959e-01 4.446186175601541390e-01 -2.479510507231857952e-01
-4.545454545454544748e-01 4.470323065364387727e-01 -2.130318967283653664e-01
-4.343434343434342537e-01 4.466633481019767760e-01 -1.767452583943169286e-01
-4.141414141414141437e-01 4.436354154750236645e-01 -1.394758968445017344e-01
-3.939393939393939226e-01 4.380721818738347872e-01 -1.015910840604053733e-01
-3.737373737373737015e-01 4.300973205166654934e-01 -6.344060288153807736e-02
-3.535353535353534804e-01 4.198345046217711873e-01 -2.535674700543458226e-02
-3.333333333333332593e-01 4.074074074074073293e-01 1.234567901234578935e-02
-3.131313131313130382e-01 3.929397020918293792e-01 4.936935975821943323e-02
-2.929292929292928171e-01 3.765550618932925753e-01 8.543446896057813045e-02
-2.727272727272727071e-01 3.583771600300525995e-01 1.202786694897889641e-01
-2.525252525252524860e-01 3.385296697203645233e-01 1.536571133581952631e-01
-2.323232323232322649e-01 3.171362641824838624e-01 1.853424417201150753e-01
-2.121212121212120438e-01 2.943206166346661323e-01 2.151247848718423061e-01
-1.919191919191918227e-01 2.702064002951666266e-01 2.428117622516463847e-01
-1.717171717171716017e-01 2.449172883822408053e-01 2.682284824397720979e-01
-1.515151515151514916e-01 2.185769541141441563e-01 2.912175431584397289e-01
-1.313131313131312705e-01 1.913090707091318621e-01 3.116390312718455569e-01
-1.111111111111110494e-01 1.632373113854594382e-01 3.293705227861606910e-01
-9.090909090909082835e-02 1.344853493613822892e-01 3.443070828495322089e-01
-7.070707070707060726e-02 1.051768578551558475e-01 3.563612657520824900e-01
-5.050505050505038618e-02 7.543551008503546207e-02 3.654631149259094380e-01
-3.030303030303027612e-02 4.538497926927674564e-02 3.715601629450865362e-01
-1.010101010101005503e-02 1.514893862613476277e-02 3.746174315256629028e-01
1.010101010101016605e-02 -1.514893862613492757e-02 3.746174315256629028e-01
3.030303030303049816e-02 -4.538497926927707871e-02 3.715601629450865362e-01
5.050505050505060822e-02 -7.543551008503579514e-02 3.654631149259093270e-01
7.070707070707071829e-02 -1.051768578551560002e-01 3.563612657520823790e-01
9.090909090909105039e-02 -1.344853493613826223e-01 3.443070828495320423e-01
1.111111111111111605e-01 -1.632373113854596047e-01 3.293705227861605800e-01
1.313131313131314926e-01 -1.913090707091321674e-01 3.116390312718453348e-01
1.515151515151516026e-01 -2.185769541141442951e-01 2.912175431584396734e-01
1.717171717171717127e-01 -2.449172883822409164e-01 2.682284824397719314e-01
1.919191919191920448e-01 -2.702064002951669042e-01 2.428117622516461072e-01
2.121212121212121549e-01 -2.943206166346662433e-01 2.151247848718421674e-01
2.323232323232324870e-01 -3.171362641824841400e-01 1.853424417201147145e-01
2.525252525252525970e-01 -3.385296697203646343e-01 1.536571133581950965e-01
2.727272727272729291e-01 -3.583771600300527660e-01 1.202786694897886310e-01
2.929292929292930392e-01 -3.765550618932927418e-01 8.543446896057774187e-02
3.131313131313131493e-01 -3.929397020918294348e-01 4.936935975821926670e-02
3.333333333333334814e-01 -4.074074074074074958e-01 1.234567901234540077e-02
3.535353535353535914e-01 -4.198345046217712428e-01 -2.535674700543477655e-02
3.737373737373739235e-01 -4.300973205166655489e-01 -6.344060288153846594e-02
3.939393939393940336e-01 -4.380721818738347872e-01 -1.015910840604055398e-01
4.141414141414143657e-01 -4.436354154750237200e-01 -1.394758968445021785e-01
4.343434343434344758e-01 -4.466633481019767760e-01 -1.767452583943173172e-01
4.545454545454545858e-01 -4.470323065364387172e-01 -2.130318967283656439e-01
4.747474747474749179e-01 -4.446186175601541390e-01 -2.479510507231861838e-01
4.949494949494950280e-01 -4.392986079548674705e-01 -2.811004701133415495e-01
5.151515151515153601e-01 -4.309486045023234180e-01 -3.120604154914200512e-01
5.353535353535354702e-01 -4.194449339842665769e-01 -3.403936583080332534e-01
5.555555555555555802e-01 -4.046639231824417093e-01 -3.656454808718183624e-01
5.757575757575759123e-01 -3.864818988785928555e-01 -3.873436763494365609e-01
5.959595959595960224e-01 -3.647751878544654436e-01 -4.049985487655732297e-01
6.161616161616163545e-01 -3.394201168918031808e-01 -4.181029130029387808e-01
6.363636363636364646e-01 -3.102930127723513287e-01 -4.261320948022676580e-01
6.565656565656567967e-01 -2.772702022778540942e-01 -4.285439307623191141e-01
6.767676767676769067e-01 -2.402280121900565169e-01 -4.247787683398768777e-01
6.969696969696970168e-01 -1.990427692907030255e-01 -4.142594658497488203e-01
7.171717171717173489e-01 -1.535908003615376605e-01 -3.963913924647675113e-01
7.373737373737374590e-01 -1.037484321843058499e-01 -3.705624282157906069e-01
7.575757575757577911e-01 -4.939199154075135656e-02 -3.361429639916988510e-01
7.777777777777779011e-01 9.602194787380335939e-03 -2.924859015393990180e-01
7.979797979797982332e-01 7.335780001834579789e-02 -2.389266534638210815e-01
8.181818181818183433e-01 1.419984973703987130e-01 -1.747831432279209896e-01
8.383838383838384534e-01 2.156479600617956516e-01 -9.935580515267794510e-02
8.585858585858587855e-01 2.944298613107926288e-01 -1.192758441709451667e-02
8.787878787878788955e-01 3.784678743356432173e-01 8.823606294179875409e-02
8.989898989898992276e-01 4.678856723546053198e-01 2.018871700289504023e-01
9.191919191919193377e-01 5.628069285859317317e-01 3.297952590912813786e-01
9.393939393939394478e-01 6.633553162478786902e-01 4.727473415176899341e-01
9.595959595959597799e-01 7.696545085587030988e-01 6.315479178390528414e-01
9.797979797979798899e-01 8.818281787366581970e-01 8.070189777282135157e-01
1.000000000000000000e+00 1.000000000000000000e+00 9.999999999999997780e-01
